1.588164	1.567072	1.146548	1.301483	1.548463	1.556543	1.484130	1.337317	1.548463	1.556543	1.212213	1.585402	
1.314862	2.500340	1.445197	1.591228	1.258545	1.451823	1.445197	1.591228	1.524503	1.591228	1.586465	1.110626	
2.389557	2.428355	1.926336	2.252693	2.261251	1.548070	1.699309	1.884826	1.283789	2.504457	2.389147	1.422742	
1.466969	1.466969	1.466969	1.223582	1.234124	1.466969	1.121866	1.223582	1.466969	1.234124	1.223582	1.157864	
1.496248	1.596210	1.435363	0.996984	0.897022	1.435363	1.360998	1.435363	0.948631	1.098662	1.285333	1.435363	
1.497697	1.316345	1.501034	1.523579	1.483623	1.667146	1.540172	1.474763	1.483623	1.291013	1.384436	1.559447	
1.794145	1.335031	2.024469	1.626261	0.980793	1.316629	1.476025	1.944159	1.508009	2.056832	1.575615	1.452922	
1.592558	1.512813	1.269200	1.656899	1.956807	1.618904	1.261488	1.367657	2.194578	1.490317	1.341667	1.639889	
1.608920	2.450602	1.515440	1.415080	2.540750	2.532041	1.949475	1.280067	1.926141	1.784756	2.187020	1.142534	
2.854554	2.858648	3.005612	1.641482	2.305235	1.579592	2.322614	1.767349	2.120279	2.770788	1.236544	1.598727	
1.679595	2.081028	1.433208	1.671216	2.062018	1.568549	1.663236	1.828113	1.888676	1.766935	2.267553	1.922820	
1.872194	1.503186	1.449837	2.200611	1.254421	1.595817	1.560036	2.502742	3.038756	1.818096	1.153550	1.892671	
1.611772	3.181709	2.635364	2.263847	1.497110	1.469348	1.449463	1.482625	1.862725	2.245147	1.511603	1.802485	
1.488695	1.727350	1.750274	1.686256	1.313129	2.224077	1.770056	1.586511	1.699801	1.415108	2.061933	1.529191	
1.590359	2.066364	2.103163	1.877638	1.250536	3.080073	2.118380	2.061197	1.956515	1.529382	1.918013	2.104321	
1.628880	2.054123	2.289605	1.858626	2.706221	1.378308	2.718399	2.187932	1.889027	1.608563	1.753840	1.514281	
2.427426	1.969236	1.510590	1.917547	2.164083	2.552747	2.961133	2.816695	1.899277	1.758940	2.122290	2.034716	
1.431728	1.675168	1.542515	1.605674	1.897537	1.633000	1.986484	1.568756	1.523936	2.151954	1.566600	1.618353	
1.466693	1.552582	1.441396	2.433587	1.595522	1.370087	3.019250	1.357829	1.633297	1.416912	1.524688	1.640011	
